保任 保定 军功补官 吉安 左相 张世杰 张弘范 文天祥 文臣 杭州 枢密使 枢密副使 武将 江苏 江西 河北 浙江 涿州 温州 皇帝 盐城 科举 签书枢密院事 统治者 继位 赵昰 赵昺 都元帅 陆秀夫 陈宜中 

0.0 0.0 0.0 0.0 0.0 0.0 0.0 0.0 0.0 0.4021966669587567 0.0 0.0 0.0 0.0 0.0 0.0 0.34378437801059425 0.0 0.0 0.4021966669587567 0.0 0.0 0.0 0.4021966669587567 0.4021966669587567 0.48452416429414186 0.0 0.0 0.0 0.0 

0.0 0.0 0.0 0.0 0.0 0.0 0.0 0.0 0.0 0.4021966669587567 0.0 0.0 0.0 0.0 0.0 0.0 0.34378437801059425 0.0 0.0 0.4021966669587567 0.0 0.0 0.0 0.4021966669587567 0.4021966669587567 0.0 0.48452416429414186 0.0 0.0 0.0 

0.0 0.0 0.0 0.0 0.0 0.0 0.0 0.0 0.3170937933067577 0.0 0.0 0.0 0.0 0.4469068841751776 0.0 0.0 0.0 0.0 0.0 0.0 0.4469068841751776 0.3170937933067577 0.4469068841751776 0.0 0.0 0.0 0.0 0.0 0.4469068841751776 0.0 

0.0 0.0 0.0 0.0 0.4708660531019024 0.0 0.0 0.0 0.3340935398500993 0.0 0.0 0.0 0.0 0.0 0.0 0.0 0.3340935398500993 0.0 0.4708660531019024 0.0 0.0 0.3340935398500993 0.0 0.0 0.0 0.0 0.0 0.0 0.0 0.4708660531019024 

0.0 0.0 0.4312073587067964 0.0 0.0 0.4312073587067964 0.0 0.0 0.0 0.0 0.0 0.4312073587067964 0.3579391395114768 0.0 0.0 0.3579391395114768 0.0 0.4312073587067964 0.0 0.0 0.0 0.0 0.0 0.0 0.0 0.0 0.0 0.0 0.0 0.0 

0.0 0.0 0.0 0.4469068841751776 0.0 0.0 0.0 0.4469068841751776 0.3170937933067577 0.0 0.4469068841751776 0.0 0.0 0.0 0.4469068841751776 0.0 0.0 0.0 0.0 0.0 0.0 0.3170937933067577 0.0 0.0 0.0 0.0 0.0 0.0 0.0 0.0 

0.4312073587067964 0.4312073587067964 0.0 0.0 0.0 0.0 0.4312073587067964 0.0 0.0 0.0 0.0 0.0 0.3579391395114768 0.0 0.0 0.3579391395114768 0.0 0.0 0.0 0.0 0.0 0.0 0.0 0.0 0.0 0.0 0.0 0.4312073587067964 0.0 0.0 

